Frame	Center_X	Center_Y	Length
89	224	675	23
89	224	676	23
90	224	674	23
90	224	673	23
91	224	671	23
92	224	669	23
92	224	668	23
93	225	666	23
94	225	663	23
94	226	665	23
94	225	665	23
94	226	664	23
94	225	664	23
94	226	663	23
95	226	661	23
95	226	662	23
96	226	659	23
96	226	660	23
97	226	658	23
97	227	658	23
97	226	657	23
97	227	657	23
97	226	656	23
98	228	655	23
98	228	654	23
98	226	655	23
98	227	655	23
98	227	654	23
98	228	656	23
98	227	656	23
99	227	653	23
99	228	654	23
99	227	652	23
99	227	654	23
99	228	653	23
99	228	652	23
100	228	651	23
100	228	650	23
100	229	651	23
100	227	651	23
100	228	652	23
101	228	649	23
101	229	650	23
101	228	648	23
101	229	649	23
101	230	649	23
101	228	650	23
101	229	648	23
102	230	647	23
102	228	648	23
102	229	646	23
102	228	647	23
102	230	646	23
102	229	648	23
102	230	648	23
102	228	646	23
102	229	647	23
103	229	646	23
103	230	646	23
103	229	645	23
103	230	645	23
103	229	644	23
103	230	644	23
104	231	643	23
104	231	642	23
104	230	643	23
104	230	642	23
104	231	644	23
104	230	644	23
105	230	641	23
105	231	642	23
105	230	640	23
105	232	642	23
105	230	642	23
105	231	641	23
105	232	641	23
105	231	640	23
105	232	640	23
106	230	640	23
106	231	639	23
106	232	639	23
106	230	639	23
106	231	638	23
106	232	638	23
106	231	641	23
106	232	641	23
106	231	640	23
106	232	640	23
107	232	636	23
107	232	639	23
107	233	639	23
107	231	638	23
107	232	638	23
107	233	638	23
107	231	637	23
107	232	637	23
107	233	637	23
108	234	637	23
108	232	636	23
108	233	636	23
108	234	636	23
108	232	635	23
108	233	635	23
108	234	635	23
108	232	637	23
108	233	637	23
109	233	634	23
109	234	634	23
109	233	633	23
109	234	633	23
109	233	636	23
109	234	636	23
109	232	635	23
109	233	635	23
109	234	635	23
109	232	634	23
110	233	634	23
110	236	633	23
110	234	634	23
110	233	633	23
110	234	633	23
110	235	632	23
110	234	632	23
110	233	632	23
110	235	634	23
110	235	633	23
110	234	631	23
111	235	630	23
111	236	633	23
111	234	630	23
111	234	633	23
111	235	632	23
111	236	632	23
111	234	632	23
111	235	631	23
111	236	631	23
111	236	630	23
111	235	633	23
111	234	631	23
112	237	630	23
112	235	630	23
112	235	629	23
112	236	629	23
112	237	629	23
112	236	628	23
112	235	631	23
112	236	631	23
112	237	631	23
112	236	630	23
113	236	627	23
113	237	630	23
113	237	627	23
113	236	629	23
113	237	629	23
113	238	629	23
113	236	628	23
113	237	628	23
113	238	628	23
113	236	630	23
114	236	627	23
114	237	627	23
114	238	627	23
114	236	626	23
114	239	627	23
114	237	626	23
114	238	626	23
114	238	629	23
114	236	628	23
114	237	628	23
114	238	628	23
115	238	624	23
115	240	626	23
115	239	624	23
115	238	627	23
115	239	627	23
115	237	626	23
115	238	626	23
115	239	626	23
115	240	625	23
115	238	625	23
115	239	625	23
115	237	625	23
116	238	624	23
116	240	626	23
116	239	624	23
116	238	623	23
116	239	623	23
116	238	626	23
116	239	626	23
116	240	625	23
116	238	625	23
116	239	625	23
116	240	624	23
116	240	623	23
117	241	623	23
117	239	624	23
117	239	623	23
117	240	622	23
117	241	622	23
117	240	625	23
117	240	624	23
117	239	622	23
117	241	624	23
117	240	623	23
118	242	622	23
118	241	623	23
118	242	621	23
118	240	622	23
118	241	622	23
118	242	623	23
118	240	621	23
118	241	621	23
118	240	624	23
118	241	624	23
118	240	623	23
119	242	622	23
119	241	620	23
119	242	621	23
119	243	620	23
119	242	620	23
119	241	622	23
119	242	623	23
119	240	621	23
119	243	622	23
119	241	621	23
119	243	621	23
119	242	619	23
120	242	618	23
120	241	620	23
120	242	621	23
120	243	620	23
120	244	620	23
120	242	620	23
120	243	619	23
120	244	619	23
120	243	618	23
120	243	621	23
120	242	619	23
120	244	621	23
121	242	618	23
121	245	619	23
121	243	620	23
121	244	620	23
121	242	620	23
121	243	619	23
121	244	619	23
121	243	618	23
121	244	618	23
121	242	619	23
121	244	621	23
122	246	618	23
122	245	619	23
122	244	617	23
122	244	620	23
122	243	619	23
122	244	619	23
122	245	618	23
122	243	618	23
122	246	619	23
122	244	618	23
122	245	617	23
123	246	618	23
123	245	616	23
123	245	619	23
123	244	617	23
123	246	617	23
123	246	616	23
123	245	618	23
123	246	619	23
123	244	618	23
123	245	617	23
124	246	618	23
124	247	617	23
124	246	615	23
124	245	616	23
124	247	616	23
124	246	617	23
124	247	618	23
124	246	616	23
124	247	615	23
124	245	617	23
125	248	614	23
125	247	617	23
125	246	615	23
125	248	617	23
125	247	616	23
125	248	616	23
125	246	616	23
125	247	615	23
125	248	615	23
126	248	614	23
126	249	614	23
126	248	616	23
126	249	616	23
126	248	615	23
126	249	615	23
127	249	614	23
127	250	614	23
127	250	613	23
127	250	616	23
127	249	613	23
127	249	615	23
127	250	615	23
128	251	615	23
128	250	614	23
128	251	614	23
128	250	613	23
128	251	613	23
128	252	614	23
128	250	615	23
129	251	614	23
129	252	613	23
129	251	613	23
129	252	612	23
129	252	615	23
129	252	614	23
130	253	614	23
130	254	613	23
130	252	613	23
130	253	613	23
130	253	612	23
130	252	614	23
131	254	613	23
131	254	614	23
131	254	612	23
132	255	612	23
132	255	613	23
133	256	612	23
133	256	613	23
134	258	612	23
134	258	613	23
136	260	612	23
136	260	613	23
137	262	612	23
137	262	613	23
137	262	614	23
138	264	614	23
138	263	612	23
138	263	614	23
138	264	613	23
138	263	613	23
138	264	612	23
139	264	614	23
139	265	614	23
139	266	613	23
139	265	613	23
139	266	612	23
139	264	613	23
139	265	612	23
139	265	615	23
140	266	613	23
140	267	614	23
140	267	613	23
140	266	614	23
140	267	612	23
141	270	614	23
141	270	613	23
141	268	614	23
141	269	613	23
141	268	613	23
141	269	615	23
141	269	614	23
142	272	615	23
142	271	614	23
142	272	614	23
142	271	613	23
142	272	613	23
142	272	616	23
142	272	612	23
142	271	615	23
143	273	616	23
143	274	616	23
143	274	613	23
143	273	615	23
143	274	615	23
143	273	614	23
143	274	614	23
144	276	614	23
144	276	615	23
144	277	614	23
144	277	615	23
145	280	613	23
145	280	616	23
145	279	614	23
145	280	615	23
145	279	615	23
145	280	614	23
146	283	616	23
146	282	614	23
146	282	616	23
146	283	615	23
146	283	614	23
146	282	615	23
147	286	615	23
147	286	616	23
147	286	617	23
148	290	617	23
148	290	616	23
148	289	617	23
148	289	616	23
148	290	615	23
149	293	617	23
149	294	617	23
150	296	618	23
150	297	617	23
150	298	617	23
150	297	616	23
150	298	616	23
150	296	617	23
150	298	615	23
150	297	618	23
150	298	618	23
151	301	618	23
151	302	617	23
151	302	616	23
151	300	617	23
151	301	617	23
151	300	616	23
151	302	618	23
151	301	616	23
151	301	619	23
151	300	618	23
152	306	617	23
152	306	616	23
152	305	620	23
152	306	619	23
152	305	617	23
152	306	618	23
152	305	619	23
152	305	618	23
153	309	620	23
153	309	619	23
153	310	619	23
153	309	618	23
153	310	618	23
154	314	618	23
154	314	619	23
154	314	620	23
155	318	620	23
155	319	620	23
155	318	619	23
155	319	619	23
155	318	621	23
155	319	621	23
156	324	620	23
156	322	621	23
156	322	620	23
156	323	619	23
156	324	619	23
156	323	622	23
156	324	622	23
156	322	622	23
156	323	621	23
156	324	621	23
156	323	620	23
157	328	621	23
158	333	623	23
158	332	621	23
158	334	621	23
158	332	623	23
158	333	622	23
158	334	623	23
158	332	622	23
158	333	621	23
158	334	622	23
158	333	620	23
159	338	624	23
159	338	621	23
159	339	621	23
159	337	622	23
159	338	623	23
159	339	623	23
159	337	621	23
159	338	622	23
159	339	622	23
159	337	623	23
160	344	623	23
160	344	625	23
160	343	623	23
160	344	622	23
160	344	624	23
160	343	624	23
161	349	623	23
161	350	624	23
161	349	626	23
161	351	623	23
161	351	624	23
161	349	625	23
161	350	623	23
161	350	626	23
161	348	625	23
161	350	622	23
161	349	624	23
161	350	625	23
161	348	624	23
162	355	624	23
162	354	626	23
162	356	623	23
162	355	627	23
162	356	626	23
162	354	625	23
162	356	625	23
162	355	623	23
162	355	626	23
162	354	627	23
162	354	624	23
162	355	625	23
162	356	624	23
162	354	623	23
163	360	624	23
163	360	627	23
163	361	626	23
163	362	626	23
163	361	625	23
163	362	627	23
163	362	625	23
163	361	628	23
163	360	626	23
163	361	627	23
163	360	625	23
163	361	624	23
163	362	624	23
164	367	628	23
164	368	627	23
164	366	629	23
164	365	627	23
164	367	624	23
164	366	626	23
164	367	627	23
164	368	626	23
164	368	624	23
164	366	625	23
164	367	626	23
164	366	628	23
164	368	625	23
164	365	626	23
164	368	628	23
164	366	627	23
164	365	625	23
164	366	624	23
164	365	628	23
164	367	625	23
165	372	628	23
165	371	627	23
165	373	629	23
165	372	627	23
165	373	626	23
165	374	629	23
165	374	626	23
165	372	626	23
165	373	625	23
165	372	629	23
165	373	628	23
165	374	628	23
165	373	627	23
165	372	625	23
165	371	628	23
165	374	627	23
166	380	627	23
166	379	630	23
166	381	627	23
166	380	630	23
166	378	629	23
166	378	626	23
166	379	629	23
166	380	629	23
166	379	626	23
166	380	626	23
166	381	629	23
166	378	628	23
166	379	628	23
166	380	628	23
166	378	627	23
166	381	628	23
166	379	627	23
166	378	630	23
167	385	630	23
167	384	628	23
167	386	630	23
167	385	629	23
167	384	627	23
167	386	629	23
167	384	630	23
167	384	629	23
167	385	628	23
167	386	628	23
167	385	627	23
168	391	630	23
168	392	630	23
168	393	630	23
168	392	629	23
168	393	629	23
168	392	632	23
168	391	631	23
168	392	631	23
168	393	631	23
169	400	630	23
169	399	629	23
169	397	630	23
169	398	633	23
169	399	632	23
169	398	630	23
169	397	629	23
169	398	629	23
169	397	632	23
169	399	628	23
169	398	632	23
169	399	631	23
169	397	631	23
169	398	631	23
169	399	630	23
169	398	628	23
171	411	633	23
171	412	633	23
171	411	632	23
171	412	632	23
171	412	634	23
172	418	634	23
176	448	638	23
176	447	637	23
176	447	638	23
176	448	637	23
177	454	639	23
177	455	640	23
177	454	638	23
177	456	638	23
177	455	639	23
177	455	638	23
177	454	640	23
178	462	639	23
182	494	645	23
182	495	645	23
182	494	644	23
182	495	644	23
182	494	643	23
183	504	646	23
183	503	645	23
183	502	643	23
183	501	646	23
183	504	645	23
183	505	645	23
183	502	646	23
183	501	645	23
183	503	647	23
183	502	645	23
183	503	644	23
183	504	647	23
183	504	644	23
183	502	644	23
183	503	643	23
183	502	647	23
183	504	643	23
183	503	646	23
184	509	647	23
184	510	646	23
184	511	646	23
184	512	646	23
184	510	645	23
184	511	647	23
184	511	645	23
184	510	648	23
184	509	646	23
184	512	645	23
184	511	648	23
184	512	647	23
184	512	648	23
184	510	647	23
184	509	645	23
184	510	644	23
184	511	644	23
185	520	646	23
185	518	649	23
185	518	646	23
185	519	649	23
185	520	648	23
185	519	646	23
185	520	647	23
185	518	648	23
185	519	648	23
185	518	647	23
185	520	649	23
185	519	647	23
186	527	649	23
186	528	649	23
186	526	650	23
186	526	649	23
186	527	648	23
186	528	651	23
186	528	648	23
186	527	651	23
186	527	647	23
186	528	647	23
186	527	650	23
186	526	648	23
186	528	650	23
186	529	649	23
187	535	650	23
187	535	649	23
187	536	648	23
187	536	651	23
187	535	651	23
187	536	650	23
187	537	650	23
187	536	649	23
187	537	649	23
188	544	649	23
188	544	652	23
188	545	652	23
188	543	651	23
188	546	651	23
188	544	651	23
188	545	651	23
188	544	650	23
188	545	650	23
189	552	653	23
189	553	652	23
189	552	652	23
190	563	653	23
190	562	655	23
190	561	653	23
190	562	654	23
190	561	655	23
190	563	655	23
190	561	654	23
190	562	653	23
190	563	654	23
191	571	653	23
191	569	655	23
191	570	655	23
191	571	655	23
191	569	654	23
191	572	655	23
191	571	656	23
191	570	654	23
191	569	657	23
191	571	654	23
191	570	657	23
191	572	654	23
191	569	656	23
191	570	656	23
191	572	653	23
191	570	653	23
191	572	656	23
192	578	656	23
192	579	655	23
192	580	656	23
192	579	658	23
192	580	655	23
192	579	657	23
192	578	655	23
192	579	656	23
192	578	657	23
192	580	657	23
193	588	658	23
193	588	657	23
196	617	661	23
196	615	662	23
196	616	662	23
196	614	661	23
196	615	661	23
196	616	661	23
196	617	660	23
196	615	660	23
196	616	660	23
197	624	662	23
197	625	662	23
197	623	662	23
197	626	662	23
197	624	661	23
197	625	661	23
197	624	664	23
197	624	663	23
197	625	663	23
197	626	663	23
197	623	663	23
198	635	662	23
198	635	665	23
198	636	664	23
198	633	665	23
198	633	662	23
198	634	663	23
198	634	666	23
198	635	664	23
198	636	663	23
198	634	662	23
198	633	664	23
198	634	665	23
198	636	665	23
198	635	663	23
198	636	662	23
198	635	666	23
198	633	663	23
198	633	666	23
198	634	661	23
198	634	664	23
199	642	665	23
199	645	667	23
199	644	665	23
199	645	664	23
199	643	663	23
199	643	666	23
199	646	665	23
199	645	663	23
199	642	664	23
199	644	667	23
199	645	666	23
199	644	664	23
199	643	665	23
199	646	664	23
199	642	666	23
199	645	665	23
199	644	663	23
199	644	666	23
199	643	667	23
199	643	664	23
199	646	666	23
200	653	665	23
200	653	668	23
200	655	665	23
200	655	668	23
200	651	667	23
200	652	666	23
200	654	669	23
200	652	669	23
200	654	666	23
200	653	667	23
200	653	664	23
200	655	667	23
200	652	665	23
200	652	668	23
200	651	666	23
200	654	665	23
200	654	668	23
200	653	669	23
200	653	666	23
200	655	666	23
200	652	667	23
200	651	665	23
200	652	664	23
200	651	668	23
200	654	667	23
200	654	664	23
201	661	669	23
201	662	668	23
201	661	666	23
201	664	668	23
201	660	667	23
201	663	669	23
201	663	666	23
201	662	667	23
201	662	670	23
201	664	667	23
201	661	668	23
201	660	669	23
201	663	665	23
201	663	668	23
201	661	667	23
201	662	666	23
201	664	669	23
201	661	670	23
201	662	669	23
201	664	666	23
201	660	668	23
201	663	667	23
201	663	670	23
201	662	665	23
202	672	669	23
202	671	671	23
202	672	666	23
202	674	669	23
202	673	667	23
202	673	670	23
202	671	667	23
202	671	670	23
202	670	668	23
202	672	671	23
202	670	671	23
202	672	668	23
202	673	669	23
202	674	668	23
202	670	670	23
202	672	667	23
202	671	669	23
202	672	670	23
202	673	671	23
202	674	670	23
202	673	668	23
202	670	669	23
202	671	668	23
203	680	670	23
203	683	672	23
203	682	670	23
203	683	669	23
203	680	669	23
203	681	668	23
203	680	672	23
203	681	671	23
203	682	669	23
203	682	672	23
203	683	671	23
203	679	670	23
203	680	671	23
203	681	670	23
203	680	668	23
203	682	671	23
203	683	670	23
203	682	668	23
203	681	669	23
203	681	672	23
204	692	672	23
204	691	670	23
204	691	673	23
204	690	674	23
204	689	672	23
204	692	671	23
204	690	671	23
204	691	669	23
204	691	672	23
204	689	671	23
204	690	670	23
204	690	673	23
204	692	670	23
204	692	673	23
204	691	674	23
204	691	671	23
204	690	669	23
204	690	672	23
204	689	670	23
204	689	673	23
205	698	672	23
205	700	674	23
205	699	672	23
205	698	675	23
205	700	671	23
205	699	675	23
205	701	672	23
205	698	674	23
205	701	675	23
205	699	674	23
205	700	673	23
205	701	674	23
205	700	672	23
205	698	673	23
205	701	673	23
205	700	675	23
205	699	673	23
206	708	675	23
206	710	675	23
206	708	674	23
206	709	673	23
206	710	674	23
206	709	676	23
206	708	676	23
206	710	673	23
206	709	675	23
206	708	673	23
206	710	676	23
206	709	674	23
207	718	676	23
207	719	675	23
207	720	675	23
207	719	677	23
207	718	675	23
207	720	677	23
207	719	676	23
207	720	676	23
207	718	677	23
208	730	678	23
208	728	677	23
208	729	677	23
208	730	677	23
208	728	676	23
208	729	676	23
208	730	676	23
208	729	679	23
208	730	679	23
208	728	678	23
208	729	678	23
209	736	678	23
209	738	678	23
209	737	676	23
209	738	681	23
209	737	679	23
209	740	678	23
209	739	676	23
209	739	679	23
209	736	677	23
209	737	678	23
209	738	677	23
209	739	678	23
209	738	680	23
209	740	677	23
209	739	681	23
209	740	680	23
209	736	679	23
209	738	676	23
209	737	680	23
209	738	679	23
209	737	677	23
209	739	680	23
209	740	679	23
209	739	677	23
210	747	678	23
210	747	681	23
210	750	680	23
210	746	679	23
210	749	678	23
210	749	681	23
210	748	679	23
210	748	682	23
210	747	680	23
210	750	679	23
210	746	678	23
210	746	681	23
210	748	678	23
210	749	677	23
210	748	681	23
210	749	680	23
210	747	679	23
210	750	678	23
210	747	682	23
210	750	681	23
210	748	680	23
210	749	679	23
210	748	677	23
210	746	680	23
210	749	682	23
211	758	678	23
211	759	683	23
211	758	681	23
211	759	680	23
211	758	684	23
211	760	681	23
211	756	680	23
211	757	679	23
211	756	683	23
211	757	682	23
211	755	681	23
211	758	680	23
211	759	679	23
211	758	683	23
211	759	682	23
211	757	678	23
211	756	682	23
211	757	681	23
211	756	679	23
211	757	684	23
211	759	681	23
211	758	679	23
211	758	682	23
211	757	680	23
211	757	683	23
211	756	681	23
212	767	681	23
212	767	684	23
212	769	681	23
212	769	684	23
212	766	685	23
212	765	683	23
212	766	682	23
212	768	685	23
212	768	682	23
212	767	680	23
212	767	683	23
212	769	683	23
212	765	682	23
212	766	681	23
212	766	684	23
212	768	681	23
212	768	684	23
212	767	685	23
212	767	682	23
212	769	682	23
212	766	683	23
212	768	680	23
212	766	680	23
212	768	683	23
213	777	682	23
213	778	681	23
213	777	685	23
213	778	684	23
213	775	685	23
213	775	682	23
213	776	683	23
213	776	686	23
213	779	685	23
213	778	683	23
213	777	681	23
213	778	686	23
213	777	684	23
213	776	682	23
213	775	684	23
213	776	685	23
213	779	684	23
213	778	685	23
213	777	683	23
213	778	682	23
213	777	686	23
213	775	683	23
213	775	686	23
213	776	681	23
213	776	684	23
213	779	683	23
214	787	684	23
214	786	688	23
214	787	687	23
214	785	683	23
214	785	686	23
214	788	685	23
214	787	683	23
214	784	684	23
214	786	687	23
214	787	686	23
214	786	684	23
214	785	685	23
214	788	687	23
214	788	684	23
214	787	685	23
214	786	683	23
214	784	686	23
214	786	686	23
214	785	687	23
214	785	684	23
214	788	683	23
214	788	686	23
214	784	685	23
214	786	682	23
214	786	685	23
215	797	688	23
215	794	686	23
215	796	686	23
215	796	689	23
215	798	686	23
215	795	687	23
215	795	684	23
215	797	687	23
215	797	684	23
215	794	685	23
215	794	688	23
215	796	685	23
215	796	688	23
215	798	685	23
215	798	688	23
215	795	686	23
215	797	689	23
215	795	689	23
215	797	686	23
215	794	687	23
215	796	687	23
215	796	684	23
215	798	687	23
215	795	685	23
215	795	688	23
215	797	685	23
216	808	688	23
216	805	686	23
216	807	689	23
216	805	689	23
216	807	686	23
216	804	687	23
216	804	690	23
216	806	687	23
216	803	688	23
216	806	690	23
216	805	685	23
216	805	688	23
216	807	688	23
216	803	687	23
216	804	686	23
216	804	689	23
216	806	686	23
216	806	689	23
216	805	687	23
216	805	690	23
216	807	687	23
216	807	690	23
216	804	685	23
216	803	689	23
216	804	688	23
216	806	685	23
216	806	688	23
217	817	691	23
217	815	687	23
217	816	692	23
217	815	690	23
217	816	689	23
217	813	690	23
217	814	688	23
217	814	691	23
217	817	690	23
217	815	689	23
217	816	688	23
217	815	692	23
217	816	691	23
217	814	687	23
217	813	689	23
217	814	690	23
217	817	689	23
217	816	687	23
217	815	691	23
217	816	690	23
217	815	688	23
217	813	688	23
217	814	689	23
217	813	691	23
217	814	692	23
217	817	688	23
218	825	692	23
218	824	690	23
218	825	689	23
218	824	693	23
218	826	690	23
218	826	693	23
218	823	691	23
218	827	691	23
218	824	689	23
218	825	688	23
218	824	692	23
218	826	689	23
218	825	691	23
218	826	692	23
218	822	691	23
218	823	690	23
218	823	693	23
218	827	690	23
218	825	690	23
218	824	688	23
218	826	691	23
218	825	693	23
218	824	691	23
218	826	688	23
218	823	689	23
218	823	692	23
218	822	690	23
219	833	690	23
219	833	693	23
219	835	690	23
219	835	693	23
219	832	691	23
219	834	694	23
219	836	691	23
219	834	691	23
219	833	689	23
219	833	692	23
219	835	689	23
219	835	692	23
219	832	690	23
219	832	693	23
219	834	690	23
219	834	693	23
219	836	693	23
219	833	694	23
219	835	691	23
219	833	691	23
219	835	694	23
219	832	692	23
219	834	689	23
219	834	692	23
219	836	692	23
220	841	694	23
220	843	691	23
220	842	693	23
220	844	690	23
220	844	696	23
220	843	694	23
220	842	696	23
220	844	693	23
220	846	693	23
220	845	691	23
220	845	694	23
220	842	692	23
220	842	695	23
220	844	692	23
220	843	690	23
220	841	693	23
220	843	696	23
220	844	695	23
220	843	693	23
220	845	693	23
220	842	694	23
220	841	692	23
220	842	691	23
220	844	694	23
220	843	692	23
220	844	691	23
220	843	695	23
220	845	692	23
220	845	695	23
221	850	694	23
221	851	693	23
221	852	694	23
221	851	696	23
221	852	697	23
221	854	694	23
221	853	692	23
221	853	695	23
221	851	692	23
221	851	695	23
221	852	696	23
221	852	693	23
221	855	695	23
221	854	696	23
221	853	694	23
221	854	693	23
221	853	697	23
221	851	694	23
221	850	695	23
221	852	692	23
221	852	695	23
221	855	694	23
221	854	692	23
221	853	696	23
221	854	695	23
221	853	693	23
222	861	694	23
222	860	698	23
222	861	697	23
222	860	695	23
222	863	694	23
222	862	698	23
222	863	697	23
222	862	695	23
222	864	695	23
222	861	696	23
222	860	694	23
222	861	693	23
222	860	697	23
222	863	696	23
222	862	694	23
222	863	693	23
222	862	697	23
222	864	694	23
222	864	697	23
222	860	696	23
222	861	695	23
222	861	698	23
222	862	696	23
222	863	695	23
222	862	693	23
222	864	696	23
222	863	698	23
223	870	697	23
223	874	697	23
223	871	695	23
223	873	698	23
223	872	696	23
223	871	698	23
223	873	695	23
223	872	699	23
223	870	696	23
223	870	699	23
223	869	697	23
223	871	694	23
223	872	695	23
223	871	697	23
223	872	698	23
223	871	700	23
223	873	697	23
223	869	696	23
223	870	695	23
223	870	698	23
223	871	696	23
223	871	699	23
223	873	696	23
223	872	694	23
223	872	700	23
223	873	699	23
223	872	697	23
223	869	698	23
224	879	696	23
224	880	695	23
224	880	701	23
224	882	698	23
224	881	696	23
224	880	698	23
224	879	699	23
224	881	699	23
224	879	698	23
224	880	697	23
224	881	698	23
224	880	700	23
224	882	697	23
224	881	701	23
224	882	700	23
224	878	699	23
224	880	696	23
224	880	699	23
224	882	696	23
224	879	697	23
224	881	700	23
224	882	699	23
224	881	697	23
224	879	700	23
224	878	698	23
225	891	701	23
225	888	699	23
225	888	702	23
225	890	699	23
225	890	702	23
225	887	700	23
225	889	697	23
225	891	700	23
225	889	700	23
225	888	698	23
225	888	701	23
225	890	698	23
225	890	701	23
225	887	699	23
225	889	699	23
225	889	702	23
225	891	699	23
225	890	700	23
225	888	700	23
225	890	697	23
225	889	698	23
225	889	701	23
225	891	698	23
226	898	702	23
226	897	701	23
226	900	700	23
226	899	703	23
226	898	701	23
226	899	700	23
226	897	700	23
226	898	700	23
226	899	699	23
226	898	703	23
226	899	702	23
226	900	702	23
226	899	701	23
226	898	699	23
226	897	702	23
226	900	701	23
227	908	703	23
227	907	701	23
227	906	704	23
227	909	703	23
227	907	704	23
227	906	703	23
227	907	703	23
227	908	702	23
227	909	702	23
227	905	702	23
227	908	701	23
227	906	702	23
227	908	704	23
227	907	702	23
227	906	701	23
228	916	703	23
228	918	703	23
228	915	701	23
228	915	704	23
228	917	701	23
228	917	704	23
228	916	705	23
228	916	702	23
228	918	705	23
228	918	702	23
228	915	703	23
228	914	704	23
228	917	703	23
228	916	701	23
228	916	704	23
228	918	704	23
228	915	705	23
228	914	703	23
228	915	702	23
228	917	705	23
228	917	702	23
229	925	703	23
229	924	707	23
229	925	706	23
229	927	703	23
229	924	704	23
229	927	706	23
229	923	705	23
229	926	704	23
229	926	707	23
229	925	705	23
229	924	703	23
229	925	702	23
229	927	705	23
229	924	706	23
229	923	704	23
229	926	703	23
229	926	706	23
229	924	705	23
229	925	704	23
229	925	707	23
229	927	704	23
229	923	706	23
229	926	705	23
229	926	702	23
230	933	707	23
230	934	706	23
230	933	704	23
230	935	707	23
230	935	704	23
230	932	705	23
230	936	705	23
230	934	705	23
230	934	708	23
230	933	706	23
230	935	703	23
230	935	706	23
230	932	707	23
230	936	707	23
230	936	704	23
230	933	705	23
230	934	704	23
230	933	708	23
230	935	705	23
230	934	707	23
230	935	708	23
230	932	706	23
230	936	706	23
230	934	703	23
231	944	707	23
231	943	705	23
231	943	708	23
231	941	705	23
231	941	708	23
231	945	708	23
231	942	706	23
231	943	707	23
231	942	709	23
231	944	706	23
231	944	709	23
231	941	707	23
231	945	707	23
231	942	705	23
231	942	708	23
231	944	705	23
231	943	709	23
231	944	708	23
231	943	706	23
231	941	706	23
231	941	709	23
231	945	706	23
231	942	707	23
231	942	704	23
231	942	710	23
232	952	708	23
232	952	711	23
232	954	708	23
232	950	707	23
232	951	706	23
232	950	710	23
232	952	707	23
232	951	709	23
232	953	706	23
232	952	710	23
232	953	709	23
232	954	707	23
232	950	709	23
232	951	708	23
232	950	706	23
232	952	709	23
232	951	711	23
232	953	708	23
232	952	706	23
232	953	707	23
232	954	709	23
232	951	710	23
232	950	708	23
232	952	705	23
232	951	707	23
232	953	710	23
233	960	709	23
233	958	709	23
233	960	706	23
233	960	712	23
233	962	709	23
233	959	707	23
233	959	710	23
233	961	707	23
233	961	710	23
233	958	708	23
233	958	711	23
233	960	708	23
233	960	711	23
233	962	708	23
233	962	711	23
233	959	712	23
233	961	709	23
233	959	709	23
233	961	712	23
233	958	710	23
233	960	707	23
233	960	710	23
233	962	707	23
233	962	710	23
233	959	708	23
233	959	711	23
233	961	708	23
233	961	711	23
234	967	712	23
234	966	710	23
234	967	709	23
234	968	710	23
234	968	713	23
234	969	711	23
234	970	710	23
234	969	708	23
234	970	713	23
234	967	708	23
234	966	712	23
234	968	709	23
234	967	711	23
234	968	712	23
234	971	711	23
234	970	709	23
234	970	712	23
234	969	710	23
234	969	713	23
234	967	710	23
234	967	713	23
234	966	711	23
234	968	708	23
234	968	711	23
234	971	710	23
234	969	709	23
234	970	708	23
234	969	712	23
234	970	711	23
235	975	710	23
235	975	713	23
235	977	710	23
235	977	713	23
235	976	714	23
235	976	711	23
235	978	714	23
235	979	713	23
235	978	711	23
235	975	712	23
235	977	709	23
235	977	712	23
235	976	710	23
235	979	712	23
235	978	710	23
235	976	713	23
235	978	713	23
235	975	714	23
235	975	711	23
235	977	714	23
235	977	711	23
235	976	709	23
235	976	712	23
235	978	709	23
235	978	712	23
235	979	711	23
